MODULE MainModule
	PROC main()
		MoveL [[203.02,21.66,-882.94],[0,0.143581,-0.989639,0],[0,1,0,0],[9E+09,9E+09,9E+09,9E+09,9E+09,9E+09]], v1000, z50, tool0;
		MoveL [[203.37,-4.09,-1020.93],[0,0.143576,-0.989639,0],[0,1,0,0],[9E+09,9E+09,9E+09,9E+09,9E+09,9E+09]], v1000, fine, tool0;
        SET do_Gripper;
        WaitTime 1;
        MoveL [[203.02,21.66,-882.94],[0,0.143581,-0.989639,0],[0,1,0,0],[9E+09,9E+09,9E+09,9E+09,9E+09,9E+09]], v1000, z50, tool0;
        MoveL [[-500.53,155.26,-959.63],[0,0.143567,-0.989641,0],[0,1,0,0],[9E+09,9E+09,9E+09,9E+09,9E+09,9E+09]], v1000, z50, tool0;
        MoveL [[-500.52,155.25,-1100.88],[0,0.143591,-0.989637,0],[0,1,0,0],[9E+09,9E+09,9E+09,9E+09,9E+09,9E+09]], v1000, fine, tool0;
        RESET do_Gripper;
        WaitTime 1;
        MoveL [[-500.53,155.26,-959.63],[0,0.143567,-0.989641,0],[0,1,0,0],[9E+09,9E+09,9E+09,9E+09,9E+09,9E+09]], v1000, z50, tool0;
        
	ENDPROC
ENDMODULE